1 6.54 1 1
1 11.98 1 1
1 18.39 1 1
1 23.16 1 1
1 25.48 1 1
1 37.63 1 1
1 39.52 1 1
1 45 1 1
1 49.08 1 1
1 55.12 1 1
1 59.62 1 1
1 63.96 1 1
1 64.21 1 1
1 68.4 1 1
1 92.5 1 1
1 102.96 1 1
1 106.01 1 1
1 106.5 1 1
1 112.32 1 1
1 112.89 1 1
1 113.71 1 1
1 146.4 1 1
1 150 1 1
1 177.49 1 1
1 227.02 1 1
1 305.19 1 1
1 329 1 1
1 329 1 1
1 329 1 1
1 365.86 1 1
1 389 1 1
1 527 1 1
1 579 1 1
1 621 1 1
1 621 1 1
1 647.66 1 1
1 779 1 1
1 779 1 1
1 849.69 1 1
1 1043.28 1 1
1 1320 1 1
1 2248.97 1 1
2 4.19 1 1
2 4.43 1 1
2 5.98 1 1
2 9.05 1 1
2 15.01 1 1
2 15.35 1 1
2 20.19 1 1
2 21.96 1 0
2 28.08 1 1
2 32.72 1 0
2 39.52 1 1
2 41.08 1 1
2 46.52 1 1
2 53.8 1 1
2 62.35 1 1
2 69.47 1 1
2 71.25 1 1
2 75 1 1
2 81.44 1 1
2 82 1 1
2 122.72 1 1
2 188.31 1 1
2 220 1 1
2 279.95 1 1
2 389 1 1
2 389 1 1
2 444.96 1 1
2 599 1 1
2 621 1 1
3 4.9 1 0
3 10.55 1 1
3 15.05 1 1
3 18.87 1 1
3 30.99 1 1
3 60.21 1 1
3 63.17 1 1
3 81.44 1 1
3 82 1 1
3 99.99 1 1
3 115.44 1 1
3 126.55 1 1
3 126.55 1 1
3 150.53 1 1
3 231.94 1 1
3 297.07 1 1
3 331.54 1 1
3 417.15 1 1
3 573.5 1 1
3 809.19 1 1
3 899.28 1 1
3 1041.63 1 1
3 1950 1 1
4 24.26 1 1
4 29.25 1 1
4 40.5 1 1
4 46.71 1 0
4 71.75 1 1
4 96.72 1 1
4 99.45 1 1
4 106.01 1 1
4 120.42 1 1
4 255 1 1
4 297.07 1 1
4 360.42 1 1
5 3.28 1 0
5 3.64 1 1
5 19.13 1 1
5 52.68 1 1
5 57.75 1 1
5 57.75 1 1
5 59.744 1 1
5 71.43 1 0
5 84.25 1 1
5 316.42 1 1
5 863.28 1 1
6 10.02 1 1
6 45.15 1 1
6 54.49 1 1
6 66.65 1 1
6 269.19 1 1
6 286.75 1 1
6 385.63 1 1
6 404.56 1 0
7 9.351428571428572 1 1
7 15.05 1 0
7 22.57 1 1
7 46.38 1 1
7 49.37 1 0
7 68.64 1 1
7 169.95 1 1
7 235.25 1 1
7 286.75 1 1
7 385.63 1 1
7 414.28 1 1
7 500 1 1
7 899.81 1 1
8 5.41 1 0
8 21.28 1 1
8 24.96 1 0
8 64.5 1 1
9 21 1 1
9 24.96 1 0
9 56.79 1 1
9 97.84 1 1
9 316.42 1 1
9 385.63 1 1
10 8.32 1 1
10 36.58 1 1
10 72.75 1 1
10 81 1 1
10 444.96 1 1
11 41.08 1 0
11 188.16 1 1
11 286.75 1 1
11 366.37 1 1
12 6.85 1 1
12 22.57 1 0
12 24.96 1 0
12 37.63 1 1
12 42.38 1 0
12 177.39 1 1
13 13.68 1 1
13 52.95 1 1
15 2.94 1 0
15 9.71 1 1
15 22.57 1 0
15 464.74 1 1
16 2.013333333333333 1 0
16 22.57 1 0
16 67.86 1 0
16 346.08 1 1
17 69.75 1 1
18 67 1 1
18 72.5 1 1
19 62.4 1 0
20 156 1 0
20 326.88 1 1
21 67.56 1 0
22 80.5 1 0
24 227.76 1 0
25 41.39 1 0
26 415.58 1 1
27 45 1 0
28 57.75 1 1
29 2.47 1 0
32 366.29 1 1
37 1.16 1 0
40 8.82 1 0
47 60.21 1 0
49 64.29 1 0
50 15.05 1 1
61 11.28 1 0
70 11.34 1 0
81 71.43 1 0
82 46.5 1 1
117 37.63 1 0
119 1.81 1 0
188 15.05 1 0
219 12.180422535211267 1 0
448 6.729057750759878 1 0
1 0 0 1
1 0 0 1
1 0 0 1
1 0 0 1
1 1.8 0 1
1 2.33 0 1
1 2.75 0 1
1 3.1 0 1
1 3.5 0 1
1 3.75 0 1
1 4 0 1
1 4.49 0 1
1 4.61 0 1
1 4.95 0 1
1 5 0 1
1 5.2 0 1
1 5.49 0 1
1 5.75 0 1
1 5.95 0 1
1 6 0 1
1 6.19 0 1
1 6.46 0 1
1 6.5 0 1
1 6.8 0 1
1 7 0 1
1 7.23 0 1
1 7.48 0 1
1 7.5 0 1
1 7.5 0 1
1 7.75 0 1
1 8 0 1
1 8 0 1
1 8.2 0 1
1 8.46 0 1
1 8.5 0 1
1 8.7 0 1
1 8.8 0 1
1 9 0 1
1 9 0 1
1 9 0 1
1 9.2 0 1
1 9.5 0 1
1 9.5 0 1
1 9.8 0 1
1 9.95 0 1
1 10 0 1
1 10 0 1
1 10 0 1
1 10 0 1
1 10 0 1
1 10.04 0 1
1 10.4 0 1
1 10.5 0 1
1 10.8 0 1
1 10.99 0 1
1 11 0 1
1 11 0 1
1 11.2 0 1
1 11.35 0 1
1 11.5 0 1
1 11.7 0 1
1 11.87 0 1
1 11.95 0 1
1 12 0 1
1 12 0 1
1 12.31 0 1
1 12.49 0 1
1 12.5 0 1
1 12.5 0 1
1 12.5 0 1
1 12.5 0 1
1 12.62 0 1
1 12.92 0 1
1 13 0 1
1 13 0 1
1 13 0 1
1 13 0 1
1 13 0 1
1 13.2 0 1
1 13.5 0 1
1 13.52 0 1
1 13.73 0 1
1 13.9 0 1
1 14 0 1
1 14 0 1
1 14 0 1
1 14.12 0 1
1 14.4 0 1
1 14.5 0 1
1 14.5 0 1
1 14.85 0 1
1 14.99 0 1
1 15 0 1
1 15 0 1
1 15 0 1
1 15 0 1
1 15 0 1
1 15 0 1
1 15 0 1
1 15.15 0 1
1 15.29 0 1
1 15.5 0 1
1 15.59 0 1
1 15.79 0 1
1 16 0 1
1 16 0 1
1 16 0 1
1 16 0 1
1 16 0 1
1 16.15 0 1
1 16.41 0 1
1 16.5 0 1
1 16.79 0 1
1 16.95 0 1
1 17 0 1
1 17 0 1
1 17.45 0 1
1 17.5 0 1
1 17.5 0 1
1 17.5 0 1
1 17.5 0 1
1 17.5 0 1
1 17.5 0 1
1 17.5 0 1
1 17.68 0 1
1 17.99 0 1
1 18 0 1
1 18 0 1
1 18.14 0 1
1 18.35 0 1
1 18.5 0 1
1 18.5 0 1
1 18.7 0 1
1 18.9 0 1
1 18.95 0 1
1 19 0 1
1 19 0 1
1 19 0 1
1 19.25 0 1
1 19.5 0 1
1 19.6 0 1
1 19.85 0 1
1 19.98 0 1
1 20 0 1
1 20 0 1
1 20 0 1
1 20 0 1
1 20 0 1
1 20 0 1
1 20 0 1
1 20 0 1
1 20 0 1
1 20 0 1
1 20 0 1
1 20 0 1
1 20.5 0 1
1 20.9 0 1
1 21 0 1
1 21 0 1
1 21 0 1
1 21.5 0 1
1 21.6 0 1
1 22 0 1
1 22 0 1
1 22.1 0 1
1 22.48 0 1
1 22.5 0 1
1 22.5 0 1
1 22.5 0 1
1 22.5 0 1
1 22.5 0 1
1 22.5 0 1
1 22.5 0 1
1 22.5 0 1
1 22.6 0 1
1 22.95 0 1
1 23 0 1
1 23 0 1
1 23.19 0 1
1 23.5 0 1
1 23.9 0 1
1 23.9 0 1
1 23.9 0 1
1 23.99 0 1
1 24 0 1
1 24 0 1
1 24 0 1
1 24.2 0 1
1 24.5 0 1
1 24.5 0 1
1 24.74 0 1
1 24.99 0 1
1 25 0 1
1 25 0 1
1 25 0 1
1 25 0 1
1 25 0 1
1 25 0 1
1 25 0 1
1 25 0 1
1 25 0 1
1 25 0 1
1 25 0 1
1 25 0 1
1 25.06 0 1
1 25.4 0 1
1 25.79 0 1
1 26 0 1
1 26 0 1
1 26.25 0 1
1 26.5 0 1
1 26.5 0 1
1 27 0 1
1 27 0 1
1 27.3 0 1
1 27.5 0 1
1 27.5 0 1
1 27.5 0 1
1 27.5 0 1
1 27.5 0 1
1 27.5 0 1
1 27.5 0 1
1 27.5 0 1
1 27.5 0 1
1 27.5 0 1
1 27.5 0 1
1 27.5 0 1
1 27.5 0 1
1 27.5 0 1
1 27.78 0 1
1 28 0 1
1 28 0 1
1 28 0 1
1 28.56 0 1
1 28.75 0 1
1 29 0 1
1 29 0 1
1 29 0 1
1 29.5 0 1
1 29.5 0 1
1 29.9 0 1
1 29.98 0 1
1 29.99 0 1
1 30 0 1
1 30 0 1
1 30 0 1
1 30 0 1
1 30 0 1
1 30 0 1
1 30 0 1
1 30 0 1
1 30 0 1
1 30 0 1
1 30 0 1
1 30 0 1
1 30 0 1
1 30 0 1
1 30 0 1
1 30 0 1
1 30 0 1
1 30.45 0 1
1 30.6 0 1
1 30.95 0 1
1 31 0 1
1 31.35 0 1
1 31.5 0 1
1 31.61 0 1
1 32 0 1
1 32.1 0 1
1 32.48 0 1
1 32.5 0 1
1 32.5 0 1
1 32.5 0 1
1 32.5 0 1
1 32.5 0 1
1 32.5 0 1
1 32.5 0 1
1 32.5 0 1
1 32.5 0 1
1 32.5 0 1
1 32.5 0 1
1 32.5 0 1
1 32.5 0 1
1 32.5 0 1
1 32.82 0 1
1 32.99 0 1
1 33 0 1
1 33.6 0 1
1 34 0 1
1 34 0 1
1 34.01 0 1
1 34.44 0 1
1 34.45 0 1
1 34.5 0 1
1 34.5 0 1
1 34.7 0 1
1 34.95 0 1
1 34.99 0 1
1 35 0 1
1 35 0 1
1 35 0 1
1 35 0 1
1 35 0 1
1 35 0 1
1 35 0 1
1 35 0 1
1 35 0 1
1 35 0 1
1 35 0 1
1 35 0 1
1 35 0 1
1 35 0 1
1 35.25 0 1
1 35.63 0 1
1 35.99 0 1
1 36 0 1
1 36 0 1
1 36.5 0 1
1 36.67 0 1
1 36.67 0 1
1 36.67 0 1
1 36.9 0 1
1 37.17 0 1
1 37.5 0 1
1 37.5 0 1
1 37.5 0 1
1 37.5 0 1
1 37.5 0 1
1 37.5 0 1
1 37.5 0 1
1 37.5 0 1
1 37.5 0 1
1 37.5 0 1
1 37.8 0 1
1 38.17 0 1
1 38.7 0 1
1 39 0 1
1 39 0 1
1 39.5 0 1
1 39.5 0 1
1 39.5 0 1
1 39.8 0 1
1 39.98 0 1
1 39.99 0 1
1 40 0 1
1 40 0 1
1 40 0 1
1 40 0 1
1 40 0 1
1 40 0 1
1 40 0 1
1 40 0 1
1 40 0 1
1 40 0 1
1 40 0 1
1 40 0 1
1 40 0 1
1 40 0 1
1 40.01 0 1
1 40.5 0 1
1 41.5 0 1
1 41.5 0 1
1 41.8 0 1
1 42 0 1
1 42 0 1
1 42.5 0 1
1 42.5 0 1
1 42.5 0 1
1 42.5 0 1
1 42.5 0 1
1 42.5 0 1
1 42.5 0 1
1 42.5 0 1
1 43 0 1
1 43.33 0 1
1 43.33 0 1
1 43.55 0 1
1 44 0 1
1 44.5 0 1
1 44.95 0 1
1 44.99 0 1
1 45 0 1
1 45 0 1
1 45 0 1
1 45 0 1
1 45 0 1
1 45 0 1
1 45 0 1
1 45 0 1
1 45 0 1
1 45.5 0 1
1 46.39 0 1
1 47 0 1
1 47.5 0 1
1 47.5 0 1
1 47.99 0 1
1 48 0 1
1 48.5 0 1
1 49.42 0 1
1 49.5 0 1
1 49.5 0 1
1 49.84 0 1
1 49.99 0 1
1 50 0 1
1 50 0 1
1 50 0 1
1 50 0 1
1 50 0 1
1 50 0 1
1 50 0 1
1 50.99 0 1
1 51.69 0 1
1 52.22 0 1
1 52.5 0 1
1 52.8 0 1
1 54 0 1
1 54.3 0 1
1 54.98 0 1
1 55 0 1
1 55 0 1
1 55 0 1
1 55 0 1
1 55 0 1
1 56 0 1
1 57 0 1
1 58 0 1
1 59.04 0 1
1 59.5 0 1
1 59.99 0 1
1 60 0 1
1 60 0 1
1 60 0 1
1 60 0 1
1 60 0 1
1 60.5 0 1
1 61.5 0 1
1 62.5 0 1
1 62.5 0 1
1 63.4 0 1
1 64.5 0 1
1 64.99 0 1
1 65 0 1
1 65 0 1
1 65.45 0 1
1 66 0 1
1 66.67 0 1
1 67.85 0 1
1 69.5 0 1
1 70 0 1
1 70 0 1
1 70.32 0 1
1 71.5 0 1
1 72 0 1
1 73 0 1
1 74.5 0 1
1 75 0 1
1 75 0 1
1 75 0 1
1 75 0 1
1 77 0 1
1 78 0 1
1 78.75 0 1
1 79.99 0 1
1 80 0 1
1 80 0 1
1 81 0 1
1 82.5 0 1
1 83.99 0 1
1 84.98 0 1
1 85 0 1
1 87 0 1
1 87.5 0 1
1 88.5 0 1
1 89.99 0 1
1 90 0 1
1 90 0 1
1 90 0 1
1 92 0 1
1 93.5 0 1
1 95 0 1
1 96 0 1
1 98.5 0 1
1 99.5 0 1
1 100 0 1
1 100 0 1
1 100 0 1
1 101.99 0 1
1 104.5 0 1
1 107.5 0 1
1 110 0 1
1 110.25 0 1
1 112.5 0 1
1 114.99 0 1
1 116.99 0 1
1 119.98 0 1
1 120 0 1
1 124.37 0 1
1 125 0 1
1 125.59 0 1
1 129.97 0 1
1 131.25 0 1
1 135 0 1
1 137.5 0 1
1 140 0 1
1 144.9 0 1
1 147.5 0 1
1 150 0 1
1 151.25 0 1
1 157.23 0 1
1 162 0 1
1 165 0 1
1 171 0 1
1 175 0 1
1 180 0 1
1 185 0 1
1 190 0 1
1 195 0 1
1 200 0 1
1 210 0 1
1 215.9 0 1
1 225 0 1
1 232 0 1
1 245.99 0 1
1 261 0 1
1 278.47 0 1
1 290 0 1
1 316.22 0 1
1 340 0 1
1 383 0 1
1 429 0 1
1 514.72 0 1
1 650 0 1
1 824.25 0 1
1 1239 0 1
2 1.5 0 1
2 2.5 0 0
2 3.19 0 1
2 3.5 0 1
2 4.05 0 1
2 4.51 0 1
2 4.99 0 1
2 5.25 0 1
2 5.65 0 1
2 6 0 1
2 6.18 0 1
2 6.5 0 1
2 6.89 0 1
2 7.16 0 1
2 7.5 0 1
2 7.5 0 1
2 8 0 1
2 8.11 0 0
2 8.5 0 1
2 8.8 0 1
2 9 0 1
2 9 0 1
2 9.2 0 0
2 9.5 0 1
2 9.83 0 1
2 10 0 1
2 10 0 1
2 10 0 1
2 10.5 0 1
2 10.85 0 0
2 11 0 1
2 11.23 0 1
2 11.5 0 1
2 11.81 0 1
2 12 0 1
2 12.1 0 1
2 12.48 0 1
2 12.5 0 1
2 12.6 0 1
2 12.95 0 1
2 13 0 1
2 13 0 1
2 13.28 0 1
2 13.55 0 1
2 13.86 0 1
2 14 0 0
2 14.23 0 0
2 14.5 0 1
2 14.75 0 1
2 15 0 1
2 15 0 1
2 15 0 1
2 15.06 0 0
2 15.5 0 1
2 15.79 0 1
2 16 0 1
2 16 0 1
2 16.05 0 1
2 16.5 0 1
2 16.84 0 1
2 17 0 1
2 17.5 0 1
2 17.5 0 1
2 17.5 0 1
2 17.5 0 1
2 17.98 0 1
2 18 0 1
2 18.42 0 1
2 18.61 0 1
2 18.9 0 1
2 19 0 1
2 19.18 0 1
2 19.5 0 1
2 19.94 0 1
2 20 0 1
2 20 0 1
2 20 0 1
2 20 0 1
2 20 0 1
2 20.21 0 1
2 20.9 0 1
2 21 0 1
2 21.45 0 1
2 21.72 0 1
2 22 0 1
2 22.5 0 1
2 22.5 0 1
2 22.5 0 1
2 22.5 0 1
2 22.51 0 1
2 23 0 1
2 23.27 0 1
2 23.9 0 1
2 23.9 0 1
2 24 0 1
2 24 0 1
2 24.3 0 1
2 24.5 0 1
2 24.98 0 1
2 25 0 1
2 25 0 1
2 25 0 1
2 25 0 1
2 25 0 1
2 25.3 0 1
2 25.99 0 1
2 26.11 0 1
2 26.625 0 1
2 27.12 0 1
2 27.5 0 1
2 27.5 0 1
2 27.5 0 1
2 27.5 0 1
2 27.5 0 1
2 27.5 0 1
2 27.84 0 1
2 28 0 1
2 28.75 0 1
2 28.99 0 1
2 29 0 1
2 29.5 0 1
2 30 0 1
2 30 0 1
2 30 0 1
2 30 0 1
2 30 0 1
2 30 0 1
2 30 0 1
2 30 0 1
2 30.95 0 1
2 31.125 0 1
2 32 0 1
2 32.22 0 1
2 32.5 0 1
2 32.5 0 1
2 32.5 0 1
2 32.5 0 1
2 32.5 0 1
2 32.5 0 1
2 32.99 0 1
2 33.75 0 1
2 34 0 1
2 34.44 0 1
2 34.5 0 1
2 34.95 0 1
2 35 0 1
2 35 0 1
2 35 0 1
2 35 0 1
2 35 0 1
2 35 0 1
2 35.66 0 1
2 36 0 1
2 36.67 0 1
2 36.67 0 1
2 36.9 0 1
2 37.48 0 1
2 37.5 0 1
2 37.5 0 1
2 37.5 0 1
2 37.88 0 1
2 38.57 0 1
2 39 0 1
2 39.5 0 1
2 39.95 0 1
2 40 0 1
2 40 0 1
2 40 0 1
2 40 0 1
2 40 0 1
2 40 0 1
2 40.38 0 1
2 41.39 0 1
2 42 0 1
2 42.5 0 1
2 42.5 0 1
2 42.5 0 1
2 43.33 0 1
2 43.56 0 1
2 44.5 0 1
2 45 0 1
2 45 0 1
2 45 0 1
2 45 0 1
2 45.98 0 1
2 47.5 0 1
2 48.24 0 1
2 49.25 0 1
2 49.5 0 1
2 50 0 1
2 50 0 1
2 50 0 1
2 52.22 0 1
2 52.5 0 1
2 54.31 0 1
2 55 0 1
2 55 0 1
2 57 0 1
2 58.89 0 1
2 59.99 0 1
2 60 0 1
2 60 0 1
2 61.76 0 1
2 63.425 0 1
2 65 0 1
2 65.45 0 1
2 67.5 0 1
2 70 0 1
2 71.5 0 1
2 74.5 0 1
2 75 0 1
2 75.95 0 1
2 78 0 1
2 80 0 1
2 82.38 0 1
2 84.98 0 1
2 87.5 0 1
2 90 0 1
2 92.99 0 1
2 96 0 1
2 99.75 0 1
2 101.2 0 1
2 109.05 0 1
2 114 0 1
2 120 0 1
2 127 0 1
2 135 0 1
2 145 0 1
2 150 0 1
2 162 0 0
2 175 0 1
2 186.16 0 1
2 208.8 0 1
2 228 0 1
2 265.99 0 1
2 340 0 1
2 501 0 1
2 1049 0 1
3 2 0 1
3 3 0 1
3 3.84 0 1
3 4.39 0 1
3 4.88 0 1
3 5.25 0 1
3 5.75 0 1
3 6.23 0 1
3 6.74 0 0
3 7.266666666666667 0 1
3 7.5 0 0
3 8 0 1
3 8.27 0 1
3 8.58 0 1
3 9 0 1
3 9 0 1
3 9.5 0 1
3 9.98 0 1
3 10 0 1
3 10.42 0 1
3 10.99 0 1
3 11 0 1
3 11.55 0 1
3 11.95 0 1
3 12.133333333333333 0 1
3 12.5 0 1
3 12.67 0 1
3 13 0 1
3 13.03 0 1
3 13.61 0 1
3 14 0 1
3 14.3 0 1
3 14.81 0 1
3 15 0 1
3 15 0 1
3 15.15 0 1
3 15.833333333333334 0 1
3 16 0 1
3 16.13 0 1
3 16.74 0 1
3 17.5 0 1
3 17.5 0 1
3 17.71 0 1
3 18.15 0 1
3 18.54 0 1
3 19 0 1
3 19.39 0 1
3 19.98 0 1
3 20 0 1
3 20 0 1
3 20 0 1
3 20.99 0 1
3 21.5 0 1
3 22.25 0 1
3 22.5 0 1
3 22.5 0 1
3 22.513333333333332 0 1
3 23.17 0 1
3 23.9 0 1
3 24 0 1
3 24.333333333333332 0 1
3 24.98 0 1
3 25 0 1
3 25 0 1
3 25 0 1
3 26 0 1
3 26.6 0 0
3 27.5 0 1
3 27.5 0 1
3 27.5 0 1
3 27.5 0 1
3 27.75 0 1
3 28.35 0 1
3 28.79 0 1
3 29.28 0 1
3 29.99 0 1
3 30 0 1
3 30 0 1
3 30 0 1
3 30 0 1
3 30.3 0 1
3 31.5 0 1
3 32.45 0 1
3 32.5 0 1
3 32.5 0 1
3 32.5 0 1
3 33.5 0 1
3 34.45 0 1
3 34.95 0 1
3 35 0 1
3 35 0 1
3 35 0 1
3 35.97 0 1
3 36.67 0 1
3 36.67 0 1
3 37.5 0 1
3 37.5 0 1
3 38.333333333333336 0 1
3 39.166666666666664 0 1
3 39.98 0 1
3 40 0 1
3 40 0 1
3 40 0 1
3 40 0 1
3 41.5 0 1
3 42.5 0 1
3 42.98 0 1
3 43.7 0 1
3 45 0 1
3 45 0 1
3 46.4 0 1
3 48.5 0 1
3 49.833333333333336 0 1
3 50 0 1
3 52.22 0 1
3 54.99 0 1
3 55 0 1
3 58.8 0 1
3 60 0 1
3 61.69 0 1
3 64.58 0 1
3 66 0 1
3 70 0 1
3 74.5 0 1
3 76.45 0 1
3 80 0 1
3 82.5 0 1
3 87.5 0 1
3 90.88 0 1
3 98.33 0 1
3 104.21 0 1
3 115 0 1
3 128 0 1
3 144.25 0 1
3 166.67 0 1
3 185 0 1
3 225 0 1
3 325 0 1
3 630 0 1
4 2.19 0 1
4 3.205 0 1
4 4 0 1
4 4.6 0 1
4 5.49 0 1
4 6 0 1
4 6.59 0 1
4 7.2 0 1
4 7.7 0 1
4 8.1 0 1
4 8.8 0 0
4 9.05 0 1
4 9.98 0 1
4 10 0 1
4 10.29 0 0
4 10.99 0 1
4 11.5 0 0
4 12 0 1
4 12.5 0 0
4 13 0 1
4 13 0 1
4 13.93 0 0
4 14.5 0 1
4 15 0 1
4 15 0 0
4 15.74 0 1
4 16 0 1
4 16.5 0 1
4 17.48 0 1
4 17.5 0 1
4 18.11 0 1
4 18.9 0 1
4 19.25 0 1
4 20 0 1
4 20 0 1
4 20.1 0 1
4 21 0 1
4 22 0 1
4 22.5 0 1
4 22.72 0 1
4 23.5 0 1
4 23.97 0 1
4 24.5 0 1
4 25 0 1
4 25 0 1
4 25.62 0 1
4 26.5 0 1
4 27.5 0 1
4 27.5 0 1
4 27.5 0 1
4 28.75 0 1
4 29.5 0 1
4 30 0 1
4 30 0 1
4 30 0 1
4 30.55 0 1
4 32.35 0 1
4 32.5 0 1
4 33.9 0 1
4 34.51 0 1
4 35 0 1
4 35 0 1
4 35.75 0 1
4 36.67 0 1
4 37.2 0 1
4 37.5 0 0
4 39 0 1
4 40 0 1
4 40 0 1
4 41.5 0 1
4 42.5 0 1
4 43.5 0 1
4 45 0 1
4 46.37 0 1
4 49.5 0 1
4 50.57 0 1
4 54.25 0 1
4 57 0 1
4 60 0 1
4 65 0 1
4 69.5 0 1
4 75 0 1
4 80.26 0 1
4 87.5 0 1
4 97.5 0 1
4 108 0 1
4 125 0 1
4 158.8 0 1
4 224 0 1
4 390 0 1
5 2 0 1
5 3.5 0 1
5 4.5 0 1
5 5.45 0 1
5 6.21 0 1
5 7 0 1
5 7.584 0 1
5 8.2 0 1
5 8.99 0 1
5 9.48 0 1
5 10 0 0
5 10.24 0 1
5 11 0 1
5 11.85 0 1
5 12.48 0 1
5 12.78 0 1
5 13.2 0 1
5 14 0 1
5 14.97 0 1
5 15 0 1
5 16 0 1
5 16.714 0 1
5 17.5 0 1
5 18.28 0 1
5 19 0 1
5 20 0 0
5 20 0 1
5 20.9 0 1
5 22.186 0 1
5 22.5 0 1
5 23 0 1
5 23.9 0 0
5 24.98 0 1
5 25 0 1
5 26.06 0 1
5 27.5 0 1
5 27.5 0 1
5 28.05 0 1
5 29.5 0 0
5 30 0 1
5 30 0 1
5 32.5 0 1
5 32.97 0 1
5 34.69 0 1
5 35 0 1
5 36 0 0
5 37 0 1
5 37.5 0 1
5 40 0 1
5 40 0 1
5 42.5 0 1
5 44.5 0 1
5 47.19 0 1
5 49.98 0 1
5 52.22 0 1
5 58.93 0 1
5 63.8 0 1
5 70 0 1
5 79 0 1
5 88.234 0 1
5 99 0 1
5 125 0 1
5 169.99 0 1
5 280.01 0 1
6 2.05 0 1
6 3.62 0 0
6 4.75 0 1
6 5.95 0 1
6 6.9 0 0
6 7.82 0 1
6 8.5 0 1
6 9.416666666666666 0 1
6 10 0 1
6 11 0 1
6 11.98 0 0
6 12.5 0 1
6 13.03 0 1
6 14.5 0 1
6 15 0 1
6 16 0 1
6 16.89 0 1
6 17.5 0 1
6 18 0 1
6 19 0 1
6 20 0 1
6 20.486666666666668 0 1
6 21.97 0 1
6 22.5 0 1
6 23.72 0 1
6 24.5 0 1
6 25 0 1
6 25.833333333333332 0 1
6 27.083333333333332 0 1
6 27.5 0 0
6 28.75 0 1
6 30 0 1
6 30 0 1
6 32.5 0 1
6 34.44 0 1
6 35 0 1
6 36.67 0 1
6 37.5 0 0
6 39.98 0 1
6 41 0 1
6 44.44 0 1
6 48 0 1
6 51.06 0 1
6 55 0 1
6 62.5 0 1
6 70 0 1
6 80 0 0
6 97.5 0 1
6 130 0 1
6 225 0 1
7 2.49 0 0
7 4.285714285714286 0 1
7 5.45 0 0
7 6.55 0 1
7 7.82 0 1
7 8.98 0 1
7 10 0 1
7 11 0 1
7 12.14 0 1
7 13 0 1
7 14.5 0 0
7 15.357142857142858 0 1
7 16.65 0 1
7 18 0 1
7 19.25 0 1
7 20 0 1
7 21 0 1
7 22.5 0 1
7 23.5 0 1
7 24.5 0 1
7 25 0 1
7 27.28 0 0
7 28 0 1
7 30 0 1
7 31 0 1
7 34.14666666666667 0 0
7 35 0 1
7 36.67 0 1
7 39.2 0 1
7 40 0 1
7 43.16 0 1
7 48.5 0 1
7 53.68 0 1
7 59.95 0 1
7 69.40857142857143 0 1
7 80.26 0 1
7 100 0 0
7 167.90714285714284 0 1
8 1.95 0 0
8 4.2 0 1
8 5.75 0 1
8 7 0 1
8 8.49 0 1
8 10 0 0
8 10.99 0 1
8 12.3 0 1
8 13.63 0 0
8 15 0 1
8 16.19 0 1
8 17.5 0 1
8 19 0 0
8 20 0 1
8 22 0 1
8 22.5 0 1
8 24 0 1
8 25 0 1
8 27.5 0 1
8 28.75 0 1
8 30 0 1
8 32.47 0 1
8 34.5 0 1
8 36 0 1
8 37.5 0 1
8 40.5 0 1
8 44.5 0 1
8 50 0 1
8 59.5 0 1
8 69.95 0 1
8 84.75 0 1
8 120 0 1
8 300 0 1
9 3.5 0 0
9 5.45 0 1
9 7.95 0 1
9 9.5 0 1
9 10.21111111111111 0 1
9 12 0 1
9 13 0 1
9 14.98 0 1
9 16 0 1
9 17.78 0 1
9 19.25 0 1
9 20.24 0 1
9 22.5 0 1
9 24 0 0
9 25.28 0 0
9 27.5 0 1
9 30 0 1
9 32.5 0 1
9 35 0 1
9 37.5 0 1
9 41.83 0 1
9 47.99 0 1
9 56.58111111111111 0 1
9 78 0 1
9 119 0 1
9 289.01666666666665 0 1
10 3.5 0 1
10 5.8 0 0
10 7.7 0 1
10 9.5 0 1
10 11 0 0
10 12.6 0 1
10 14.5 0 0
10 16.72 0 0
10 18.5 0 1
10 20 0 1
10 21.84 0 0
10 23.75 0 1
10 25 0 1
10 27.5 0 1
10 30 0 1
10 34.5 0 0
10 37.5 0 1
10 42.25 0 1
10 50.99 0 1
10 65.99 0 1
10 102.5 0 1
10 869.99 0 1
11 4.69 0 0
11 6.5 0 1
11 9.38 0 1
11 11.49 0 1
11 13 0 1
11 15 0 1
11 17.5 0 1
11 19 0 0
11 20.5 0 1
11 23.4 0 1
11 25 0 1
11 28.75 0 1
11 31.333636363636362 0 1
11 35.97 0 1
11 40 0 1
11 48 0 1
11 67.57 0 0
11 100 0 1
12 1.2 0 0
12 4.5 0 1
12 6.93 0 0
12 9.49 0 1
12 11.51 0 1
12 13.98 0 1
12 16 0 1
12 18.5 0 1
12 20.5 0 0
12 23.42 0 0
12 25.95 0 0
12 29.9 0 1
12 35 0 1
12 40 0 1
12 53.35 0 1
12 80 0 1
13 1.1 0 0
13 5.25 0 1
13 8.53 0 0
13 11 0 1
13 13.41 0 0
13 16.28 0 1
13 19.5 0 0
13 22.5 0 0
13 25 0 1
13 28.75 0 1
13 33.39 0 1
13 38.5 0 1
13 49.98 0 1
13 77 0 1
13 254.8 0 1
14 5 0 0
14 8.75 0 1
14 11.84 0 0
14 14.96 0 1
14 18 0 1
14 20.63 0 1
14 24 0 1
14 28.75 0 1
14 34.44 0 1
14 40 0 1
14 54.45 0 1
14 93.49 0 1
15 3.36 0 1
15 7.5 0 1
15 10.5 0 1
15 14.9 0 1
15 18.5 0 1
15 21.333333333333332 0 1
15 25 0 0
15 30 0 1
15 38.95 0 1
15 57.68 0 1
15 155.082 0 1
16 4.5 0 0
16 8.65 0 0
16 12.45 0 1
16 16.16 0 1
16 19.9 0 1
16 23.51 0 0
16 29 0 1
16 36.9 0 1
16 55 0 1
16 126 0 1
17 4.26 0 0
17 9 0 0
17 12.541176470588235 0 1
17 15.74 0 1
17 20 0 1
17 25.14 0 1
17 34.055882352941175 0 1
17 46.40588235294118 0 1
17 110 0 1
18 5 0 1
18 9.98 0 1
18 13.24 0 1
18 17.23 0 0
18 20.68 0 1
18 26.11 0 1
18 35 0 1
18 52.55 0 0
18 199 0 1
19 6 0 1
19 11.08 0 1
19 15.66 0 1
19 20.49 0 0
19 27.16 0 1
19 35 0 1
19 53.33 0 1
20 2.33 0 0
20 9 0 1
20 14.0925 0 1
20 19 0 0
20 24.3875 0 1
20 32.5 0 1
20 70 0 0
21 3.75 0 1
21 9.99 0 0
21 14.3 0 1
21 20 0 0
21 26.976190476190474 0 1
21 40 0 1
21 125.08809523809524 0 1
22 8.39 0 0
22 12.74 0 1
22 17.954545454545453 0 1
22 28.75 0 1
22 50 0 1
23 3.97 0 0
23 11 0 0
23 19 0 1
23 30 0 1
23 56 0 1
24 3.5 0 0
24 11.85 0 1
24 17.92 0 1
24 24.2 0 0
24 39.5 0 0
24 275 0 1
25 9 0 0
25 14 0 0
25 20 0 1
25 28.6 0 1
25 50 0 1
26 4.54 0 0
26 12.59 0 0
26 19.9 0 1
26 28.846153846153847 0 1
27 1.6 0 0
27 9.124444444444444 0 1
27 15.53 0 0
27 24.39814814814815 0 1
27 48 0 1
28 3.5 0 1
28 12 0 0
28 20 0 1
28 37.5 0 0
29 3 0 1
29 12 0 1
29 21.16 0 1
29 59.5 0 1
30 6.95 0 1
30 15 0 1
30 23.6 0 1
30 56.333333333333336 0 1
31 5.9 0 1
31 17 0 1
31 35.5 0 1
32 3.14 0 1
32 12.5 0 0
32 25 0 0
32 71.29375 0 1
33 10 0 1
33 22.5 0 1
33 101.62 0 1
34 11.37 0 0
34 22.5 0 1
34 54.95 0 1
35 13 0 0
35 25.4 0 1
36 3.95 0 0
36 14 0 1
36 27.5 0 1
37 3.98 0 1
37 19.9 0 1
37 36.67 0 1
38 10 0 0
38 24.49 0 0
38 74.88552631578948 0 1
39 13.49 0 1
39 28.8 0 0
40 7.35 0 1
40 21.5 0 1
41 2.85 0 0
41 20 0 0
41 138.58048780487806 0 1
42 17.5 0 1
42 58.57142857142857 0 1
43 11.37 0 0
43 27.158333333333335 0 0
44 6.95 0 1
44 32.75 0 0
45 12.01 0 1
45 198.65155555555555 0 1
46 24.98 0 1
47 9.33 0 0
47 30 0 0
48 19.42 0 0
49 4 0 0
49 35.75 0 1
50 14.5 0 1
51 4.15 0 0
51 21.5 0 1
52 6 0 0
52 26.5 0 0
53 14.37 0 0
54 1.97 0 0
54 59 0 1
55 20 0 0
56 14 0 1
57 5.9 0 1
57 39.98 0 0
58 18.49 0 1
59 9.32 0 0
60 11.49 0 0
61 3.99 0 0
62 3.5 0 0
63 2.7284615384615383 0 0
63 84.5 0 0
64 40 0 1
65 26.22 0 1
66 17.5 0 1
67 12.83 0 0
68 14 0 1
69 7.48 0 0
70 6.89 0 0
71 6.46 0 1
72 8.25 0 1
73 17.813194444444445 0 0
74 32.5 0 0
75 43.34 0 1
76 65 0 1
78 1.5 0 0
79 10.04 0 0
80 12.929577464788732 0 0
81 21 0 0
82 84.99 0 1
84 18 0 1
86 4.5 0 0
87 11.96 0 0
89 3.15 0 0
90 13.102325581395348 0 0
91 36.4 0 1
93 19.09 0 0
95 7 0 0
96 82.5 0 0
98 26 0 1
100 23.97 0 0
102 19 0 0
104 11.075555555555555 0 0
106 16.888557692307693 0 0
108 25.7 0 1
110 20 0 0
112 34.57 0 0
114 262.52026315789476 0 1
117 48 0 1
120 52.55 0 1
124 3.6 0 0
127 4.95 0 0
130 25 0 1
133 2.19 0 0
136 6.59 0 0
140 6 0 0
144 24 0 0
148 54.98141891891892 0 1
153 22.5 0 0
157 21.50657894736842 0 0
162 5.75 0 0
166 20 0 0
171 136 0 1
178 3.94 0 0
183 7 0 0
188 6 0 0
192 76 0 1
200 59.95 0 0
208 20 0 0
217 13 0 0
225 1.4844559585492227 0 0
233 7.5 0 0
242 0.9954337899543378 0 0
252 11.991031390134529 0 0
262 32.26 0 1
273 6.09 0 0
286 12.75 0 0
300 16.5 0 0
314 21 0 0
331 3 0 0
350 92.91428571428571 0 1
370 2.929109311740891 0 0
389 10.14 0 0
413 13 0 0
442 24.996745843230403 0 0
474 6.523623529411765 0 0
511 59.47 0 0
562 78.81583629893238 0 1
617 8.05 0 0
686 76.78548104956268 0 1
775 18.892954545454547 0 0
867 14.778685121107266 0 1
969 9.93 0 0
1163 14.947681451612903 0 0
1415 8 0 0
1991 23.711593237704918 0 0
4606 3 0 0
