1.0 0.318949990694 
1.0 0.062774695487 
1.0 0.0966986214366 
1.0 0.357684276682 
0.0 0.539343958487 
0.0 0.380451577289 
0.0 0.359050523358 
0.0 0.302045092244 
0.0 0.264476617959 
0.0 0.216497892349 
0.0 0.186678380497 
0.0 0.162712777474 
0.0 0.161475646857 
0.0 0.143065798288 
0.0 0.122363579752 
0.0 0.158546275185 
0.0 0.174245174707 
0.0 0.176984025736 
0.0 0.214103440386 
0.0 0.218193940759 
0.0 0.224220934622 
0.0 0.601364166211 
0.0 0.659220774898 
0.0 1.20780782438 
0.0 2.67286957968 
0.0 6.23233963805 
0.0 7.6199165502 
0.0 7.6199165502 
0.0 7.6199165502 
0.0 10.0474272448 
0.0 11.7448479893 
0.0 24.6462370675 
0.0 30.7421045839 
0.0 36.1589799106 
0.0 36.1589799106 
0.0 39.8261181066 
0.0 60.4850683448 
0.0 60.4850683448 
0.0 73.3885856961 
0.0 115.118384641 
0.0 191.02858939 
0.0 585.811556367 
1.0 0.492415811542 
1.0 0.470610758836 
1.0 0.342051246479 
1.0 0.150118747918 
1.0 0.0154152441142 
1.0 0.0171996112887 
1.0 0.15342882847 
1.0 0.258697463948 
0.0 0.49484968837 
0.0 0.432917356436 
0.0 0.351660344473 
0.0 0.334668446255 
0.0 0.28017262205 
0.0 0.218814661684 
0.0 0.163663885491 
0.0 0.131677523355 
0.0 0.125660340261 
0.0 0.115574775057 
0.0 0.106453957544 
0.0 0.106150634492 
0.0 0.294120515289 
0.0 1.46813245999 
0.0 2.42054619933 
0.0 4.90872324997 
0.0 11.7374578105 
0.0 11.7374578105 
0.0 16.3954389409 
0.0 33.2592022478 
0.0 36.1515897317 
1.0 0.423832956289 
1.0 0.0773617872877 
1.0 0.00629045921789 
1.0 0.0864541476877 
0.0 0.448184772267 
0.0 0.168613474805 
0.0 0.152194302385 
0.0 0.0993136722889 
0.0 0.0990103492366 
0.0 0.130962660017 
0.0 0.222957160409 
0.0 0.32597934601 
0.0 0.32597934601 
0.0 0.653481585342 
0.0 2.83734167683 
0.0 5.77699456858 
0.0 7.76177239594 
0.0 13.9756436963 
0.0 30.0508637538 
0.0 65.8285481658 
0.0 83.1713172189 
0.0 114.708613329 
0.0 435.210330032 
1.0 0.418568078441 
0.0 0.46467329834 
0.0 0.326884250224 
0.0 0.264459040768 
0.0 0.110081882779 
0.0 0.112250132028 
0.0 0.121935792398 
0.0 0.152824318941 
0.0 0.258431628891 
0.0 3.75005286857 
0.0 5.77010417695 
0.0 9.64638460082 
1.0 0.582127930518 
1.0 0.542984692387 
1.0 0.104559531115 
0.0 0.206721139952 
0.0 0.170394189619 
0.0 0.170394189619 
0.0 0.157866975024 
0.0 0.104511554224 
0.0 0.0850507271596 
0.0 6.84107806029 
0.0 75.9843074498 
1.0 0.122718606202 
0.0 0.26613828406 
0.0 0.186624481491 
0.0 0.115769394825 
0.0 4.36894383203 
0.0 5.22060341954 
0.0 11.4548671446 
0.0 12.9271167074 
1.0 0.177768633955 
1.0 0.0613048789136 
1.0 0.338380822104 
0.0 0.248279887597 
0.0 0.221458772764 
0.0 0.10155147081 
0.0 0.997952970748 
0.0 2.93510970566 
0.0 5.2144627088 
0.0 11.4487264338 
0.0 13.7115965727 
0.0 21.706993975 
0.0 83.2532836471 
1.0 0.467515142151 
1.0 0.289607784973 
0.0 0.500570791266 
0.0 0.113576656041 
1.0 0.317149122037 
0.0 0.494929867789 
0.0 0.152716619582 
0.0 0.0852948785018 
0.0 6.81701500461 
0.0 11.4371946933 
1.0 0.361503145591 
0.0 0.335211323215 
0.0 0.071079158267 
0.0 0.0566219989856 
0.0 16.3453136805 
0.0 0.279488836417 
0.0 1.40895469761 
0.0 5.19239880215 
0.0 10.020739363 
1.0 0.584230939737 
0.0 0.515414377471 
0.0 0.479506459134 
0.0 0.312903759185 
0.0 0.260902230905 
0.0 1.13792218929 
1.0 0.402414702014 
0.0 0.16049682426 
0.0 0.851174302882 
1.0 0.688681374126 
0.0 0.502240011483 
0.0 18.1557359146 
0.0 0.866134790128 
0.0 0.498348343413 
0.0 0.0606650923951 
0.0 8.6179379697 
0.0 0.0498130747919 
0.0 0.0570815106679 
0.0 0.0376506978687 
0.0 0.0760825645464 
0.0 0.665250591225 
0.0 7.39294218035 
0.0 0.0461679539075 
0.0 0.0119001532807 
0.0 2.59274200439 
0.0 0.230447596985 
0.0 13.7499458888 
0.0 0.191202657661 
0.0 0.0866333774913 
0.0 0.828966157123 
0.0 9.96485448466 
0.0 0.85968523312 
0.0 0.714228432689 
0.0 0.101922403708 
0.0 0.0883212782058 
0.0 0.63692522512 
0.0 0.770784470135 
0.0 0.847123391317 
0.0 0.331022466854 
0.0 0.49880047935 
0.0 1.19006812313 
0.0 1.8078885919 
0.0 3.66919253041 
0.0 5.05532239914 
0.0 22.4632812005 
1.0 0.969305889705 
1.0 0.969305889705 
1.0 0.969305889705 
1.0 0.969305889705 
1.0 0.7515014536 
1.0 0.692829071432 
1.0 0.648097771321 
1.0 0.612013023245 
1.0 0.572099472956 
1.0 0.547871841667 
1.0 0.524196777794 
1.0 0.479396540164 
1.0 0.468748636876 
1.0 0.439270949912 
1.0 0.435022196464 
1.0 0.418248209637 
1.0 0.394554087377 
1.0 0.373943218336 
1.0 0.358495393308 
1.0 0.354688693793 
1.0 0.340424812228 
1.0 0.320704116778 
1.0 0.317837346954 
1.0 0.29678746829 
1.0 0.283196269781 
1.0 0.268003582834 
1.0 0.252020257395 
1.0 0.250765462272 
1.0 0.250765462272 
1.0 0.235378909642 
1.0 0.220544924428 
1.0 0.220544924428 
1.0 0.209075584796 
1.0 0.194694139779 
1.0 0.192534656248 
1.0 0.181949424483 
1.0 0.17678942478 
1.0 0.166734657734 
1.0 0.166734657734 
1.0 0.166734657734 
1.0 0.157033533834 
1.0 0.143144928884 
1.0 0.143144928884 
1.0 0.130052021013 
1.0 0.123803953483 
1.0 0.121765469699 
1.0 0.121765469699 
1.0 0.121765469699 
1.0 0.121765469699 
1.0 0.121765469699 
1.0 0.120150596614 
1.0 0.10625329651 
1.0 0.102596280179 
1.0 0.0921556959056 
1.0 0.0859548780776 
1.0 0.0856373603232 
1.0 0.0856373603232 
1.0 0.0794726678871 
1.0 0.0750812268749 
1.0 0.0708887101324 
1.0 0.0656081255623 
1.0 0.0613976806015 
1.0 0.0595047055241 
1.0 0.0583503296064 
1.0 0.0583503296064 
1.0 0.051686531106 
1.0 0.0482071203197 
1.0 0.0480222187452 
1.0 0.0480222187452 
1.0 0.0480222187452 
1.0 0.0480222187452 
1.0 0.0458723602646 
1.0 0.0410547020187 
1.0 0.0399043775488 
1.0 0.0399043775488 
1.0 0.0399043775488 
1.0 0.0399043775488 
1.0 0.0399043775488 
1.0 0.0372761165763 
1.0 0.0339968060171 
1.0 0.0338064767648 
1.0 0.0320215316659 
1.0 0.0308621429504 
1.0 0.0302995041502 
1.0 0.0302995041502 
1.0 0.0302995041502 
1.0 0.0297410398282 
1.0 0.0289330568152 
1.0 0.028812471948 
1.0 0.028812471948 
1.0 0.029086659857 
1.0 0.0294995840186 
1.0 0.0295357094106 
1.0 0.0295357094106 
1.0 0.0295357094106 
1.0 0.0295357094106 
1.0 0.0295357094106 
1.0 0.0295357094106 
1.0 0.0295357094106 
1.0 0.030183683234 
1.0 0.0309679326993 
1.0 0.032469216538 
1.0 0.0332319784593 
1.0 0.0351833962322 
1.0 0.0376129933301 
1.0 0.0376129933301 
1.0 0.0376129933301 
1.0 0.0376129933301 
1.0 0.0376129933301 
1.0 0.0395871289524 
1.0 0.0434801935235 
1.0 0.044967039787 
1.0 0.0502451322924 
1.0 0.0534754621616 
1.0 0.0545313559087 
1.0 0.0545313559087 
1.0 0.0650290209815 
1.0 0.0663059416951 
1.0 0.0663059416951 
1.0 0.0663059416951 
1.0 0.0663059416951 
1.0 0.0663059416951 
1.0 0.0663059416951 
1.0 0.0663059416951 
1.0 0.0710858665921 
1.0 0.0799894393946 
1.0 0.0802907971463 
1.0 0.0802907971463 
1.0 0.0846026369966 
1.0 0.0913953064127 
1.0 0.0964859222623 
1.0 0.0964859222623 
1.0 0.103582847815 
1.0 0.111033416514 
1.0 0.11295131543 
1.0 0.114891317043 
1.0 0.114891317043 
1.0 0.114891317043 
1.0 0.124922865558 
1.0 0.135506981488 
1.0 0.139895346737 
1.0 0.151253057051 
1.0 0.157377441057 
1.0 0.158332915599 
1.0 0.158332915599 
1.0 0.158332915599 
1.0 0.158332915599 
1.0 0.158332915599 
1.0 0.158332915599 
1.0 0.158332915599 
1.0 0.158332915599 
1.0 0.158332915599 
1.0 0.158332915599 
1.0 0.158332915599 
1.0 0.158332915599 
1.0 0.183369119374 
1.0 0.204989476552 
1.0 0.210615592814 
1.0 0.210615592814 
1.0 0.210615592814 
1.0 0.240072335918 
1.0 0.246228916899 
1.0 0.271739348687 
1.0 0.271739348687 
1.0 0.278337983601 
1.0 0.304219102647 
1.0 0.305616631121 
1.0 0.305616631121 
1.0 0.305616631121 
1.0 0.305616631121 
1.0 0.305616631121 
1.0 0.305616631121 
1.0 0.305616631121 
1.0 0.305616631121 
1.0 0.312657319968 
1.0 0.337995965876 
1.0 0.34170418322 
1.0 0.34170418322 
1.0 0.355996985724 
1.0 0.380002004984 
1.0 0.412231656553 
1.0 0.412231656553 
1.0 0.412231656553 
1.0 0.419678273941 
1.0 0.420510096412 
1.0 0.420510096412 
1.0 0.420510096412 
1.0 0.43733220849 
1.0 0.463228457505 
1.0 0.463228457505 
1.0 0.484518358615 
1.0 0.507236855005 
1.0 0.508157088263 
1.0 0.508157088263 
1.0 0.508157088263 
1.0 0.508157088263 
1.0 0.508157088263 
1.0 0.508157088263 
1.0 0.508157088263 
1.0 0.508157088263 
1.0 0.508157088263 
1.0 0.508157088263 
1.0 0.508157088263 
1.0 0.508157088263 
1.0 0.513697054076 
0.0 0.540424752408 
0.0 0.534743650382 
0.0 0.531700338744 
0.0 0.531700338744 
0.0 0.528091717582 
0.0 0.524498714772 
0.0 0.524498714772 
0.0 0.517359564207 
0.0 0.517359564207 
0.0 0.513106061104 
0.0 0.51028288705 
0.0 0.51028288705 
0.0 0.51028288705 
0.0 0.51028288705 
0.0 0.51028288705 
0.0 0.51028288705 
0.0 0.51028288705 
0.0 0.51028288705 
0.0 0.51028288705 
0.0 0.51028288705 
0.0 0.51028288705 
0.0 0.51028288705 
0.0 0.51028288705 
0.0 0.51028288705 
0.0 0.506347236227 
0.0 0.503268683301 
0.0 0.503268683301 
0.0 0.503268683301 
0.0 0.49548694353 
0.0 0.492864515315 
0.0 0.489427696024 
0.0 0.489427696024 
0.0 0.489427696024 
0.0 0.482600912496 
0.0 0.482600912496 
0.0 0.477184466528 
0.0 0.476105975292 
0.0 0.475971276339 
0.0 0.475836602376 
0.0 0.475836602376 
0.0 0.475836602376 
0.0 0.475836602376 
0.0 0.475836602376 
0.0 0.475836602376 
0.0 0.475836602376 
0.0 0.475836602376 
0.0 0.475836602376 
0.0 0.475836602376 
0.0 0.475836602376 
0.0 0.475836602376 
0.0 0.475836602376 
0.0 0.475836602376 
0.0 0.475836602376 
0.0 0.475836602376 
0.0 0.475836602376 
0.0 0.469802138032 
0.0 0.46780189513 
0.0 0.463156527386 
0.0 0.462495402358 
0.0 0.457885019722 
0.0 0.455918512461 
0.0 0.454479980614 
0.0 0.44940409597 
0.0 0.448108709481 
0.0 0.443209031121 
0.0 0.442952152887 
0.0 0.442952152887 
0.0 0.442952152887 
0.0 0.442952152887 
0.0 0.442952152887 
0.0 0.442952152887 
0.0 0.442952152887 
0.0 0.442952152887 
0.0 0.442952152887 
0.0 0.442952152887 
0.0 0.442952152887 
0.0 0.442952152887 
0.0 0.442952152887 
0.0 0.442952152887 
0.0 0.438855695358 
0.0 0.436689860366 
0.0 0.436562683212 
0.0 0.428977784499 
0.0 0.423971164083 
0.0 0.423971164083 
0.0 0.423846510855 
0.0 0.418510061968 
0.0 0.418386508272 
0.0 0.41776911463 
0.0 0.41776911463 
0.0 0.415305787402 
0.0 0.412240684885 
0.0 0.411751717865 
0.0 0.411629538584 
0.0 0.411629538584 
0.0 0.411629538584 
0.0 0.411629538584 
0.0 0.411629538584 
0.0 0.411629538584 
0.0 0.411629538584 
0.0 0.411629538584 
0.0 0.411629538584 
0.0 0.411629538584 
0.0 0.411629538584 
0.0 0.411629538584 
0.0 0.411629538584 
0.0 0.411629538584 
0.0 0.408583178089 
0.0 0.403982622403 
0.0 0.399657487059 
0.0 0.399537806714 
0.0 0.399537806714 
0.0 0.39358565089 
0.0 0.391576149353 
0.0 0.391576149353 
0.0 0.391576149353 
0.0 0.388868907085 
0.0 0.385707707895 
0.0 0.381868759465 
0.0 0.381868759465 
0.0 0.381868759465 
0.0 0.381868759465 
0.0 0.381868759465 
0.0 0.381868759465 
0.0 0.381868759465 
0.0 0.381868759465 
0.0 0.381868759465 
0.0 0.381868759465 
0.0 0.378402421296 
0.0 0.374158245202 
0.0 0.368138349346 
0.0 0.364761972883 
0.0 0.364761972883 
0.0 0.359184657504 
0.0 0.359184657504 
0.0 0.359184657504 
0.0 0.355868255512 
0.0 0.353889209722 
0.0 0.353779500132 
0.0 0.353669815532 
0.0 0.353669815532 
0.0 0.353669815532 
0.0 0.353669815532 
0.0 0.353669815532 
0.0 0.353669815532 
0.0 0.353669815532 
0.0 0.353669815532 
0.0 0.353669815532 
0.0 0.353669815532 
0.0 0.353669815532 
0.0 0.353669815532 
0.0 0.353669815532 
0.0 0.353669815532 
0.0 0.353560155922 
0.0 0.348217446968 
0.0 0.337500130061 
0.0 0.337500130061 
0.0 0.334333664247 
0.0 0.332235181719 
0.0 0.332235181719 
0.0 0.327032706784 
0.0 0.327032706784 
0.0 0.327032706784 
0.0 0.327032706784 
0.0 0.327032706784 
0.0 0.327032706784 
0.0 0.327032706784 
0.0 0.327032706784 
0.0 0.321892705257 
0.0 0.318534527182 
0.0 0.318534527182 
0.0 0.316310860363 
0.0 0.311800122425 
0.0 0.306847541119 
0.0 0.302443632708 
0.0 0.30205462314 
0.0 0.301957433222 
0.0 0.301957433222 
0.0 0.301957433222 
0.0 0.301957433222 
0.0 0.301957433222 
0.0 0.301957433222 
0.0 0.301957433222 
0.0 0.301957433222 
0.0 0.301957433222 
0.0 0.297129798731 
0.0 0.288691181043 
0.0 0.283021735705 
0.0 0.278443994844 
0.0 0.278443994844 
0.0 0.274018420501 
0.0 0.273928727391 
0.0 0.269475933345 
0.0 0.26144602282 
0.0 0.260757765476 
0.0 0.260757765476 
0.0 0.257850514169 
0.0 0.256577086889 
0.0 0.256492391652 
0.0 0.256492391652 
0.0 0.256492391652 
0.0 0.256492391652 
0.0 0.256492391652 
0.0 0.256492391652 
0.0 0.256492391652 
0.0 0.248231260528 
0.0 0.242537868785 
0.0 0.238308610722 
0.0 0.236102623645 
0.0 0.233760806809 
0.0 0.22461844373 
0.0 0.222389079027 
0.0 0.217419116924 
0.0 0.217274690824 
0.0 0.217274690824 
0.0 0.217274690824 
0.0 0.217274690824 
0.0 0.217274690824 
0.0 0.210180831547 
0.0 0.2033368659 
0.0 0.196742793882 
0.0 0.190150046147 
0.0 0.187320236412 
0.0 0.184364036611 
0.0 0.184304330736 
0.0 0.184304330736 
0.0 0.184304330736 
0.0 0.184304330736 
0.0 0.184304330736 
0.0 0.181350898468 
0.0 0.175631454155 
0.0 0.170161903471 
0.0 0.170161903471 
0.0 0.165452966908 
0.0 0.159972482991 
0.0 0.157628522583 
0.0 0.15758131139 
0.0 0.15758131139 
0.0 0.155482671712 
0.0 0.15298638841 
0.0 0.150047593004 
0.0 0.145144562977 
0.0 0.138872070312 
0.0 0.137105632785 
0.0 0.137105632785 
0.0 0.136007898811 
0.0 0.132181160647 
0.0 0.13066461675 
0.0 0.127818949177 
0.0 0.124018998373 
0.0 0.12287729492 
0.0 0.12287729492 
0.0 0.12287729492 
0.0 0.12287729492 
0.0 0.118935215182 
0.0 0.117339015757 
0.0 0.116305858883 
0.0 0.114906024945 
0.0 0.114896297797 
0.0 0.114896297797 
0.0 0.114049779261 
0.0 0.113248552013 
0.0 0.113009316835 
0.0 0.113157131337 
0.0 0.113162641414 
0.0 0.114218434269 
0.0 0.114638566001 
0.0 0.115666249688 
0.0 0.117661063558 
0.0 0.117676325773 
0.0 0.117676325773 
0.0 0.117676325773 
0.0 0.121231054924 
0.0 0.124553072565 
0.0 0.128437350873 
0.0 0.131339236782 
0.0 0.139687236183 
0.0 0.143463749796 
0.0 0.145445716713 
0.0 0.145445716713 
0.0 0.145445716713 
0.0 0.153953069007 
0.0 0.166094722304 
0.0 0.182672029364 
0.0 0.198204470618 
0.0 0.199843615678 
0.0 0.215298747057 
0.0 0.233877123059 
0.0 0.24992153582 
0.0 0.275772151868 
0.0 0.275952587486 
0.0 0.317774787193 
0.0 0.324197657032 
0.0 0.330302662328 
0.0 0.378344483287 
0.0 0.393289316881 
0.0 0.439429818347 
0.0 0.472142446638 
0.0 0.506416910115 
0.0 0.578125430036 
0.0 0.618611311658 
0.0 0.659133115876 
0.0 0.67997970618 
0.0 0.785111919709 
0.0 0.875378521901 
0.0 0.935062480075 
0.0 1.06117752442 
0.0 1.15025209325 
0.0 1.26721791094 
0.0 1.39043106938 
0.0 1.51989156856 
0.0 1.65559940848 
0.0 1.79755458914 
0.0 2.10020697269 
0.0 2.29049313967 
0.0 2.60104060356 
0.0 2.85400477412 
0.0 3.39626238251 
0.0 4.03244366967 
0.0 4.84378719981 
0.0 5.42104310775 
0.0 6.85743507559 
0.0 8.3087199885 
0.0 11.2917844184 
0.0 14.9945018824 
0.0 23.3052146667 
0.0 40.1563811831 
0.0 68.6009313233 
0.0 166.827650315 
1.0 0.767690207619 
1.0 0.660143218644 
1.0 0.584786398749 
1.0 0.553976730323 
1.0 0.501405330476 
1.0 0.459490305904 
1.0 0.417747436304 
1.0 0.395987227038 
1.0 0.363677004397 
1.0 0.336565951159 
1.0 0.323044843232 
1.0 0.299714604321 
1.0 0.272504922988 
1.0 0.254455191405 
1.0 0.232642719639 
1.0 0.232642719639 
1.0 0.202422181794 
1.0 0.19980057066 
1.0 0.174411913615 
1.0 0.158666682147 
1.0 0.1486119151 
1.0 0.1486119151 
1.0 0.142641080203 
1.0 0.125022186251 
1.0 0.110663750932 
1.0 0.103642727066 
1.0 0.103642727066 
1.0 0.103642727066 
1.0 0.0844735375453 
1.0 0.076100504334 
1.0 0.0675146176898 
1.0 0.0604557231097 
1.0 0.0527659674991 
1.0 0.0447318018065 
1.0 0.0402275869731 
1.0 0.0379851432277 
1.0 0.0302701633688 
1.0 0.0298994761119 
1.0 0.0280990862994 
1.0 0.0224939569001 
1.0 0.0217816349154 
1.0 0.0217816349154 
1.0 0.018201089635 
1.0 0.0154048710621 
1.0 0.0129892108573 
1.0 0.0159070505191 
1.0 0.0149485002138 
1.0 0.0106897293146 
1.0 0.0107750643378 
1.0 0.0114129667772 
1.0 0.0114129667772 
1.0 0.0114129667772 
1.0 0.0153785743966 
1.0 0.0143464739046 
1.0 0.0170606535989 
1.0 0.0194902506967 
1.0 0.0194902506967 
1.0 0.0201261932075 
1.0 0.0268442971536 
1.0 0.0331075547769 
1.0 0.0364086132753 
1.0 0.0481831990617 
1.0 0.0481831990617 
1.0 0.0481831990617 
1.0 0.0481831990617 
1.0 0.0615662231173 
1.0 0.0621680545129 
1.0 0.0756234294889 
1.0 0.0822227253434 
1.0 0.0929106738803 
1.0 0.0967685744096 
1.0 0.103935590545 
1.0 0.117384238855 
1.0 0.137354358634 
1.0 0.140210172965 
1.0 0.140210172965 
1.0 0.140210172965 
1.0 0.140210172965 
1.0 0.140210172965 
1.0 0.150456167706 
1.0 0.186866733919 
1.0 0.19249285018 
1.0 0.218904456839 
1.0 0.235610773681 
1.0 0.253616606054 
1.0 0.287493888488 
1.0 0.287493888488 
1.0 0.287493888488 
1.0 0.287493888488 
1.0 0.288193978887 
1.0 0.323581440587 
1.0 0.343987748847 
1.0 0.39410891392 
1.0 0.39410891392 
1.0 0.402387353779 
1.0 0.402387353779 
1.0 0.427753138075 
1.0 0.445105714872 
1.0 0.488194763222 
1.0 0.49003434563 
1.0 0.49003434563 
1.0 0.49003434563 
1.0 0.49003434563 
1.0 0.49003434563 
1.0 0.518052453524 
0.0 0.524454829567 
0.0 0.522720442367 
0.0 0.515317891364 
0.0 0.50826528523 
0.0 0.502892708165 
0.0 0.502892708165 
0.0 0.502892708165 
0.0 0.502892708165 
0.0 0.502892708165 
0.0 0.502892708165 
0.0 0.498116252509 
0.0 0.495878504416 
0.0 0.48547433643 
0.0 0.482174690038 
0.0 0.482037517139 
0.0 0.475210733611 
0.0 0.468446423491 
0.0 0.468446423491 
0.0 0.468446423491 
0.0 0.468446423491 
0.0 0.468446423491 
0.0 0.468446423491 
0.0 0.468446423491 
0.0 0.468446423491 
0.0 0.455766348501 
0.0 0.453455144117 
0.0 0.442013917085 
0.0 0.439167365405 
0.0 0.435561974002 
0.0 0.435561974002 
0.0 0.435561974002 
0.0 0.435561974002 
0.0 0.435561974002 
0.0 0.435561974002 
0.0 0.429299681481 
0.0 0.419705437452 
0.0 0.416580985198 
0.0 0.411119883083 
0.0 0.410378935745 
0.0 0.404850506 
0.0 0.404239359699 
0.0 0.404239359699 
0.0 0.404239359699 
0.0 0.404239359699 
0.0 0.404239359699 
0.0 0.404239359699 
0.0 0.3962307786 
0.0 0.392147627829 
0.0 0.384185970468 
0.0 0.384185970468 
0.0 0.3814787282 
0.0 0.374710469451 
0.0 0.37447858058 
0.0 0.37447858058 
0.0 0.37447858058 
0.0 0.370091683949 
0.0 0.362218251456 
0.0 0.357371793998 
0.0 0.351794478619 
0.0 0.346828309541 
0.0 0.346279636647 
0.0 0.346279636647 
0.0 0.346279636647 
0.0 0.346279636647 
0.0 0.346279636647 
0.0 0.346279636647 
0.0 0.342130138964 
0.0 0.331276623743 
0.0 0.324845002834 
0.0 0.319642527899 
0.0 0.319642527899 
0.0 0.319642527899 
0.0 0.311144348297 
0.0 0.308819893091 
0.0 0.299457362235 
0.0 0.294567254337 
0.0 0.294567254337 
0.0 0.294567254337 
0.0 0.294567254337 
0.0 0.285163865718 
0.0 0.271053815959 
0.0 0.264393410683 
0.0 0.255523701031 
0.0 0.253367586591 
0.0 0.249102212767 
0.0 0.249102212767 
0.0 0.249102212767 
0.0 0.230918431837 
0.0 0.228712444761 
0.0 0.214924975321 
0.0 0.209884511939 
0.0 0.209884511939 
0.0 0.195946687015 
0.0 0.183694063939 
0.0 0.176973857726 
0.0 0.176914151851 
0.0 0.176914151851 
0.0 0.166795152325 
0.0 0.157934873625 
0.0 0.150191132505 
0.0 0.148092492827 
0.0 0.13917237561 
0.0 0.1297154539 
0.0 0.124790981763 
0.0 0.116628819488 
0.0 0.115487116035 
0.0 0.113489993712 
0.0 0.109948836872 
0.0 0.107506118912 
0.0 0.105901780115 
0.0 0.105766952452 
0.0 0.107248387116 
0.0 0.110286146888 
0.0 0.115970322035 
0.0 0.123949057897 
0.0 0.137056745194 
0.0 0.143067149933 
0.0 0.184727979872 
0.0 0.218914814925 
0.0 0.268562408601 
0.0 0.337854761373 
0.0 0.432039639462 
0.0 0.57226116374 
0.0 0.651742936991 
0.0 0.868075129809 
0.0 1.14286191436 
0.0 1.41251916321 
0.0 2.05517906941 
0.0 2.70056427885 
0.0 4.24901849422 
0.0 8.30132980961 
0.0 21.8442176119 
0.0 116.486342385 
1.0 0.701664769824 
1.0 0.594808031176 
1.0 0.511880756299 
1.0 0.460962638161 
1.0 0.417851930663 
1.0 0.386705563064 
1.0 0.346538811729 
1.0 0.310058152147 
1.0 0.277259670652 
1.0 0.238220376721 
1.0 0.227091344667 
1.0 0.19314051782 
1.0 0.177740457511 
1.0 0.160853719757 
1.0 0.139330251126 
1.0 0.139330251126 
1.0 0.115740522276 
1.0 0.0951738042812 
1.0 0.0943610630913 
1.0 0.0781104137728 
1.0 0.0585504714699 
1.0 0.0582329537155 
1.0 0.0421310033373 
1.0 0.0321002989165 
1.0 0.0279756448464 
1.0 0.0206178121376 
1.0 0.0176097538744 
1.0 0.0124999709411 
1.0 0.0120831870447 
1.0 0.00558935186147 
1.0 0.0028950975425 
1.0 0.00173764586143 
1.0 0.00159610280065 
1.0 0.00213130280295 
1.0 0.00213130280295 
1.0 0.00277927662636 
1.0 0.0082484089401 
1.0 0.0102085867225 
1.0 0.0119080108595 
1.0 0.0218776632636 
1.0 0.0389015350874 
1.0 0.0389015350874 
1.0 0.0445059635318 
1.0 0.0575128497586 
1.0 0.0704726093134 
1.0 0.0874869104353 
1.0 0.103377487566 
1.0 0.129973034449 
1.0 0.130928508991 
1.0 0.130928508991 
1.0 0.130928508991 
1.0 0.182644596094 
1.0 0.21266792931 
1.0 0.260997299589 
1.0 0.278212224514 
1.0 0.278212224514 
1.0 0.279145874848 
1.0 0.327073043756 
1.0 0.384827249946 
1.0 0.393105689805 
1.0 0.421339011682 
1.0 0.478913099248 
1.0 0.480752681656 
1.0 0.480752681656 
1.0 0.480752681656 
0.0 0.517169874604 
0.0 0.508622209439 
0.0 0.49575242291 
0.0 0.49575242291 
0.0 0.49575242291 
0.0 0.49575242291 
0.0 0.492237511859 
0.0 0.483865448213 
0.0 0.477783110535 
0.0 0.471066536384 
0.0 0.461440812199 
0.0 0.461306138236 
0.0 0.461306138236 
0.0 0.461306138236 
0.0 0.461306138236 
0.0 0.4572775394 
0.0 0.44138804832 
0.0 0.429064071752 
0.0 0.428421688747 
0.0 0.428421688747 
0.0 0.428421688747 
0.0 0.415705222803 
0.0 0.403856044131 
0.0 0.397710220745 
0.0 0.397099074443 
0.0 0.397099074443 
0.0 0.397099074443 
0.0 0.385366458578 
0.0 0.377045685212 
0.0 0.377045685212 
0.0 0.367338295325 
0.0 0.367338295325 
0.0 0.357765110105 
0.0 0.348365462127 
0.0 0.339358745581 
0.0 0.339139351392 
0.0 0.339139351392 
0.0 0.339139351392 
0.0 0.339139351392 
0.0 0.322969665921 
0.0 0.312502242644 
0.0 0.307566641688 
0.0 0.300271194303 
0.0 0.287426969082 
0.0 0.287426969082 
0.0 0.274067025495 
0.0 0.254945469205 
0.0 0.243376777297 
0.0 0.241961927512 
0.0 0.223778146582 
0.0 0.202816427239 
0.0 0.202744226684 
0.0 0.177116995542 
0.0 0.169773866596 
0.0 0.16004254607 
0.0 0.145055233182 
0.0 0.138455924269 
0.0 0.122575168644 
0.0 0.109488534233 
0.0 0.105389177885 
0.0 0.100365833657 
0.0 0.0987180878728 
0.0 0.100108101861 
0.0 0.104586794879 
0.0 0.124539616651 
0.0 0.150080996904 
0.0 0.219424394541 
0.0 0.341612958175 
0.0 0.553737445636 
0.0 0.954730533698 
0.0 1.37590060524 
0.0 2.58651013942 
0.0 7.36228938235 
0.0 37.362471374 
1.0 0.680241083163 
1.0 0.573553798165 
1.0 0.496351785871 
1.0 0.441786107634 
1.0 0.366709095454 
1.0 0.32684370187 
1.0 0.283593843239 
1.0 0.242113722495 
1.0 0.210567022852 
1.0 0.186921057296 
1.0 0.152674721859 
1.0 0.136431230791 
1.0 0.0947332189659 
1.0 0.0939204777761 
1.0 0.0862634260115 
1.0 0.0581098861547 
1.0 0.0467740072119 
1.0 0.0305053376836 
1.0 0.0239075158247 
1.0 0.0120593856259 
1.0 0.0120593856259 
1.0 0.00656936525715 
1.0 0.000967480025107 
1.0 0.00169071748771 
1.0 0.00542100649004 
1.0 0.00681739582114 
1.0 0.00976800140722 
1.0 0.0171220478641 
1.0 0.0379475291632 
1.0 0.0384609497722 
1.0 0.0558190916117 
1.0 0.0831884245908 
1.0 0.0970778736347 
1.0 0.130487923676 
1.0 0.130487923676 
1.0 0.135318342858 
1.0 0.182770600891 
1.0 0.243894356765 
1.0 0.277771639199 
1.0 0.293377856899 
1.0 0.352157013061 
1.0 0.390172289399 
1.0 0.435383465583 
1.0 0.48031209634 
1.0 0.48031209634 
0.0 0.515794499411 
0.0 0.503077859006 
0.0 0.488862031284 
0.0 0.488862031284 
0.0 0.488862031284 
0.0 0.471443659549 
0.0 0.46118005673 
0.0 0.45441574661 
0.0 0.45441574661 
0.0 0.45441574661 
0.0 0.447047162264 
0.0 0.423460320339 
0.0 0.421531297121 
0.0 0.403798215017 
0.0 0.396224855103 
0.0 0.390208682818 
0.0 0.390208682818 
0.0 0.381116456388 
0.0 0.370155293587 
0.0 0.363936732296 
0.0 0.360534690492 
0.0 0.343341117117 
0.0 0.332248959766 
0.0 0.332248959766 
0.0 0.316079274295 
0.0 0.305611851018 
0.0 0.295394321371 
0.0 0.280536577456 
0.0 0.267457783061 
0.0 0.23933690971 
0.0 0.23028521479 
0.0 0.20133822221 
0.0 0.181916010134 
0.0 0.162883474971 
0.0 0.136160455624 
0.0 0.117451214546 
0.0 0.101456439154 
0.0 0.0932313074445 
0.0 0.0932177102353 
0.0 0.114739760435 
0.0 0.164232715034 
0.0 0.302776801266 
0.0 0.792773722223 
0.0 2.54448158366 
0.0 11.7997100876 
1.0 0.709624677852 
1.0 0.552654974377 
1.0 0.459059853717 
1.0 0.378333538199 
1.0 0.319497418696 
1.0 0.263751771202 
1.0 0.226089442009 
1.0 0.189631086217 
1.0 0.147784498482 
1.0 0.124601582281 
1.0 0.106051260122 
1.0 0.092843918496 
1.0 0.0661928617441 
1.0 0.0424352668704 
1.0 0.028948407423 
1.0 0.0237594238734 
1.0 0.0178316179973 
1.0 0.0108550055711 
1.0 0.00998548697923 
1.0 0.0100912108315 
1.0 0.018168494751 
1.0 0.0293455138189 
1.0 0.046861443116 
1.0 0.0696432634095 
1.0 0.0954468184639 
1.0 0.142618706022 
1.0 0.13888841702 
1.0 0.185544977973 
1.0 0.264639021995 
1.0 0.286172132542 
1.0 0.322259684641 
1.0 0.396517446977 
1.0 0.486873007276 
1.0 0.488712589684 
0.0 0.502771491509 
0.0 0.482221533288 
0.0 0.482221533288 
0.0 0.474509345201 
0.0 0.454626345527 
0.0 0.447775248614 
0.0 0.447775248614 
0.0 0.414890799125 
0.0 0.40888293588 
0.0 0.387367362603 
0.0 0.383568184822 
0.0 0.371563239745 
0.0 0.359634614712 
0.0 0.353807405703 
0.0 0.32560846177 
0.0 0.32560846177 
0.0 0.298971353022 
0.0 0.278786187358 
0.0 0.253213481049 
0.0 0.228600453354 
0.0 0.21024725696 
0.0 0.162773220182 
0.0 0.135363724796 
0.0 0.109044279023 
0.0 0.0879313562003 
0.0 0.0873071369493 
0.0 0.113482902524 
0.0 0.29613630327 
0.0 1.01125708541 
0.0 4.89090455183 
1.0 0.721313437305 
1.0 0.56192861195 
1.0 0.454284064096 
1.0 0.356292466732 
1.0 0.291475026068 
1.0 0.22896676841 
1.0 0.190331729672 
1.0 0.144720132834 
1.0 0.119562543123 
1.0 0.083434433747 
1.0 0.0603367900761 
1.0 0.045819292169 
1.0 0.0372846670761 
1.0 0.0266095453718 
1.0 0.0273327828344 
1.0 0.0354100667539 
1.0 0.0500346386485 
1.0 0.0641030151189 
1.0 0.0780878705701 
1.0 0.112688390467 
1.0 0.156129989023 
1.0 0.180469876308 
1.0 0.267574071741 
1.0 0.303413704545 
1.0 0.395350333414 
1.0 0.461025530929 
1.0 0.505954161687 
0.0 0.499662804919 
0.0 0.481723821455 
0.0 0.475917715715 
0.0 0.458412557187 
0.0 0.441384644248 
0.0 0.441384644248 
0.0 0.408500194759 
0.0 0.38405810384 
0.0 0.377177580455 
0.0 0.357124191224 
0.0 0.34750358813 
0.0 0.319437251593 
0.0 0.308375593683 
0.0 0.272986594152 
0.0 0.239476769263 
0.0 0.213204453071 
0.0 0.182822732696 
0.0 0.135709945342 
0.0 0.102653674656 
0.0 0.0805311264614 
0.0 0.101708658072 
0.0 0.344238109191 
0.0 2.56658864543 
1.0 0.703214694804 
1.0 0.521695899188 
1.0 0.425388049866 
1.0 0.338153501188 
1.0 0.255049419072 
1.0 0.191603944583 
1.0 0.145645193785 
1.0 0.109517084409 
1.0 0.0791153874689 
1.0 0.0637841016345 
1.0 0.0564224850361 
1.0 0.0552852580093 
1.0 0.0714839803945 
1.0 0.104170521232 
1.0 0.148802589643 
1.0 0.182212639684 
1.0 0.234495316899 
1.0 0.329496355207 
1.0 0.40388172907 
1.0 0.487108181591 
0.0 0.505698338045 
0.0 0.472883046203 
0.0 0.462676014436 
0.0 0.435243933511 
0.0 0.421902733493 
0.0 0.381639539149 
0.0 0.371036869719 
0.0 0.350983480488 
0.0 0.321930881058 
0.0 0.313077146667 
0.0 0.279668430287 
0.0 0.22888326448 
0.0 0.18642855333 
0.0 0.144010441136 
0.0 0.0986091634738 
0.0 0.0740594943453 
0.0 0.104939834641 
0.0 0.954452108949 
1.0 0.797177834088 
1.0 0.564458028642 
1.0 0.432746671743 
1.0 0.341999723188 
1.0 0.251876654376 
1.0 0.184299212108 
1.0 0.144758331484 
1.0 0.110691684137 
1.0 0.095356621999 
1.0 0.0883391628174 
1.0 0.098950614624 
1.0 0.125109395102 
1.0 0.177425059452 
1.0 0.217136369005 
1.0 0.330542802094 
1.0 0.364420084528 
1.0 0.479313549819 
0.0 0.499807520938 
0.0 0.463799401078 
0.0 0.446381029343 
0.0 0.429353116404 
0.0 0.39685402175 
0.0 0.371285628657 
0.0 0.353054320742 
0.0 0.335385273493 
0.0 0.301733960996 
0.0 0.260364055147 
0.0 0.21000890568 
0.0 0.14083675044 
0.0 0.0907959792618 
0.0 0.0666174639188 
0.0 0.229469101514 
0.0 5.902116272 
1.0 0.678398023345 
1.0 0.500346298165 
1.0 0.326035777464 
1.0 0.245713190271 
1.0 0.215970474964 
1.0 0.160918590993 
1.0 0.142472638936 
1.0 0.132032604121 
1.0 0.140181254717 
1.0 0.176433416912 
1.0 0.227491126944 
1.0 0.272642713143 
1.0 0.408184892508 
0.0 0.509093946049 
0.0 0.490142807889 
0.0 0.458158477601 
0.0 0.423712192927 
0.0 0.390827743438 
0.0 0.359505129134 
0.0 0.329744350016 
0.0 0.28189384519 
0.0 0.221894011051 
0.0 0.154048902939 
0.0 0.0652146063076 
0.0 0.214928845016 
0.0 5.31839175467 
1.0 0.727273620982 
1.0 0.528952545063 
1.0 0.3935861628 
1.0 0.29831907691 
1.0 0.244541797351 
1.0 0.201395976959 
1.0 0.187716908976 
1.0 0.207807470686 
1.0 0.251660070288 
1.0 0.313507063625 
1.0 0.42026986429 
0.0 0.507365315736 
0.0 0.488775567612 
0.0 0.452767447753 
0.0 0.418321163079 
0.0 0.360340462125 
0.0 0.324353320168 
0.0 0.272110695778 
0.0 0.190715821231 
0.0 0.0955156613685 
0.0 0.0987772131143 
0.0 77.2672659284 
1.0 0.68207216564 
1.0 0.534458460279 
1.0 0.365226000539 
1.0 0.287783135818 
1.0 0.256525490873 
1.0 0.246156822735 
1.0 0.282927055019 
1.0 0.335242719369 
1.0 0.399990232698 
0.0 0.507499279209 
0.0 0.483634431394 
0.0 0.4302079398 
0.0 0.395443312416 
0.0 0.337240347202 
0.0 0.291013240017 
0.0 0.211272151876 
0.0 0.0837067185108 
0.0 0.0827891411979 
0.0 0.899836485928 
1.0 0.765413509578 
1.0 0.578552408635 
1.0 0.4305042201 
1.0 0.357525439161 
1.0 0.317314116329 
1.0 0.324522150612 
1.0 0.383395079544 
1.0 0.474008565657 
0.0 0.502392564497 
0.0 0.464962905867 
0.0 0.409636648423 
0.0 0.34408172048 
0.0 0.286121997428 
0.0 0.161978070474 
0.0 0.0473484796927 
0.0 0.897262694774 
1.0 0.78014824957 
1.0 0.560692895633 
1.0 0.451675640221 
1.0 0.404665619892 
1.0 0.407497234021 
1.0 0.505275550389 
0.0 0.511758581684 
0.0 0.474101839847 
0.0 0.420675348252 
0.0 0.359433098841 
0.0 0.298212594607 
0.0 0.184472640053 
0.0 0.0467460481189 
0.0 3.69064991216 
0.0 0.814088196854 
1.0 0.633366854456 
1.0 0.519860904211 
1.0 0.483404993663 
1.0 0.534299278319 
0.0 0.536403718811 
0.0 0.484550946313 
0.0 0.416283892923 
0.0 0.341929439576 
0.0 0.27708919314 
0.0 0.144702208193 
0.0 0.0479484416809 
0.0 0.842526024936 
0.0 0.761357047021 
1.0 0.653416041286 
1.0 0.580034001452 
0.0 0.566499323119 
0.0 0.521205918258 
0.0 0.465655609611 
0.0 0.395114418284 
0.0 0.284600956367 
0.0 0.118103524409 
0.0 0.665598071582 
0.0 0.815942947575 
0.0 0.735765341382 
0.0 0.666037558458 
0.0 0.60152723499 
0.0 0.539976657803 
0.0 0.483967602286 
0.0 0.404813843862 
0.0 0.304255054923 
0.0 0.132660838662 
0.0 0.249982499668 
0.0 0.817069594325 
0.0 0.725558391387 
0.0 0.660769160422 
0.0 0.605015864528 
0.0 0.534737125582 
0.0 0.455977643168 
0.0 0.335019266275 
0.0 0.200286762114 
0.0 0.109948844016 
0.0 0.798934525041 
0.0 0.703860087911 
0.0 0.644978976288 
0.0 0.576614016247 
0.0 0.520546763651 
0.0 0.438463113839 
0.0 0.319982031171 
0.0 0.144150038384 
0.0 1.67701625834 
0.0 0.776203997101 
0.0 0.680553367348 
0.0 0.599845166595 
0.0 0.52049715338 
0.0 0.420298735816 
0.0 0.31684004399 
0.0 0.134889066575 
0.0 0.846512976271 
0.0 0.716045643051 
0.0 0.623985356069 
0.0 0.541487980776 
0.0 0.457669607519 
0.0 0.345270564742 
0.0 0.039510831432 
0.0 0.815095333252 
0.0 0.695085916371 
0.0 0.617729459966 
0.0 0.52275575091 
0.0 0.41737431906 
0.0 0.253346027465 
0.0 0.224779906923 
0.0 0.722559903304 
0.0 0.642768808078 
0.0 0.553455272696 
0.0 0.390148420956 
0.0 0.153776297293 
0.0 0.806247760502 
0.0 0.672027472117 
0.0 0.534224275106 
0.0 0.370978095354 
0.0 0.105322324525 
0.0 0.813769154886 
0.0 0.654656433438 
0.0 0.549989668938 
0.0 0.451479225594 
0.0 0.252520418242 
0.0 4.56981216192 
0.0 0.705420366532 
0.0 0.614974471627 
0.0 0.514599100726 
0.0 0.386540452241 
0.0 0.148098740194 
0.0 0.789977079045 
0.0 0.638455013934 
0.0 0.514804126734 
0.0 0.381754430184 
0.0 0.848209840801 
0.0 0.700471102287 
0.0 0.586010789001 
0.0 0.444263664603 
0.0 0.162999506016 
0.0 0.808611228258 
0.0 0.646974634268 
0.0 0.511170586295 
0.0 0.270133380368 
0.0 0.818043578086 
0.0 0.64624479659 
0.0 0.492176167414 
0.0 0.0748550196375 
0.0 0.739757467919 
0.0 0.59308346417 
0.0 0.454279389611 
0.0 0.0950133696765 
0.0 0.759939462903 
0.0 0.55901088525 
0.0 0.292550798291 
0.0 0.814786377691 
0.0 0.636950913128 
0.0 0.433482786052 
0.0 0.0199299276154 
0.0 0.68259978094 
0.0 0.471322477938 
0.0 0.0397579228502 
0.0 0.65823179106 
0.0 0.471928895201 
0.0 0.105703876742 
0.0 0.629881758947 
0.0 0.429348996548 
0.0 0.801536183725 
0.0 0.613311784955 
0.0 0.400313335713 
0.0 0.802206331261 
0.0 0.515977056781 
0.0 0.282962696168 
0.0 0.688217590347 
0.0 0.446907794607 
0.0 0.0161257092889 
0.0 0.62706912587 
0.0 0.387111112791 
0.0 0.741899558492 
0.0 0.496280460875 
0.0 0.832940259903 
0.0 0.522389414699 
0.0 0.386073939154 
0.0 0.565601819622 
0.0 0.0950023918919 
0.0 0.674934759766 
0.0 0.419969545911 
0.0 0.760492097462 
0.0 0.347712651179 
0.0 0.66976188624 
0.0 1.6698871288 
0.0 0.46142201271 
0.0 0.72634371136 
0.0 0.39461506714 
0.0 0.555177925349 
0.0 0.837658681392 
0.0 0.329688739911 
0.0 0.646336493637 
0.0 0.84412630982 
0.0 0.535937009887 
0.0 0.812795533147 
0.0 0.466300756224 
0.0 0.663993034574 
0.0 0.90422175155 
0.0 0.143072556237 
0.0 0.581607663206 
0.0 0.687913537636 
0.0 0.843927272647 
0.0 0.324962168604 
0.0 0.624974955406 
0.0 0.792282154835 
0.0 0.759538503332 
0.0 0.909607891309 
0.0 0.927024611201 
0.0 0.950451238708 
0.0 0.127499426296 
0.0 0.376130804469 
0.0 0.559338036191 
0.0 0.70310349973 
0.0 0.792242592493 
0.0 0.780654166136 
0.0 0.909273367099 
0.0 0.930184762325 
0.0 0.948247270863 
0.0 0.924115917397 
0.0 0.765224819583 
0.0 0.560276339775 
0.0 0.446522645202 
0.0 0.296772717272 
0.0 1.12334161042 
0.0 0.968483307672 
0.0 0.9283037641 
0.0 0.805688961531 
0.0 0.324210744236 
0.0 0.892425879918 
0.0 1.16451185233 
0.0 1.03732140159 
0.0 1.23382347412 
0.0 1.06000372599 
0.0 0.730478971248 
0.0 1.00386950934 
0.0 1.24934987133 
0.0 0.527043401081 
0.0 0.97835772651 
0.0 1.04227372099 
0.0 1.15472433123 
0.0 1.32701332537 
0.0 1.26241402825 
0.0 1.16244893336 
0.0 1.28842394458 
0.0 1.1222833526 
0.0 4.84625487636 
0.0 1.08345848644 
0.0 1.1107826454 
0.0 1.88447249795 
0.0 1.92840459991 
0.0 1.65607973706 
0.0 2.13212702093 
0.0 2.12225398268 
0.0 2.24057521536 
0.0 2.04159279669 
0.0 1.81266111077 
0.0 2.32841985199 
0.0 2.46765655894 
0.0 2.90476513544 
0.0 2.784760832 
0.0 2.78571902879 
0.0 3.49598701896 
0.0 3.62272704811 
0.0 3.83501694008 
0.0 3.24357705104 
0.0 3.63719869624 
0.0 4.42129458736 
0.0 4.94720895591 
0.0 5.54745990062 
0.0 5.82379421645 
0.0 6.41750715931 
0.0 6.74443565425 
0.0 6.99609545362 
0.0 8.06928052443 
0.0 8.75238811796 
0.0 9.60383553593 
0.0 10.4959195598 
0.0 12.0573122347 
0.0 12.7190571162 
0.0 15.1718310121 
0.0 16.6867670568 
0.0 18.8536978614 
0.0 21.5320367414 
0.0 25.2604944178 
0.0 28.8535423921 
0.0 35.2236228672 
0.0 43.6142061333 
0.0 53.5996182632 
0.0 69.6768374839 
0.0 87.9062723938 
0.0 110.600040678 
0.0 160.683040574 
0.0 240.024426903 
0.0 480.41232613 
0.0 2615.94872048 
