0.100784250241 0.656358924463 0.00387103449101 0.657473825357 0.201964973364 0.271793171459 0.180440792078 0.36043883429 0.160595922514 
0.0534174672249 0.443232702793 7.39041829652e-05 0.431190933462 0.0362866652832 0.0789081017492 0.0535091323154 0.317241193433 0.0469791869089 
0.0795415515755 1.39037454866 0.00937260782631 1.35270306987 0.151350594235 0.469618140459 0.258729119503 0.339339504427 0.099533628973 
0.310004355402 0.389223253943 0.0176481799559 0.407252972706 0.778778352204 0.227192866978 0.379301471225 0.515565047484 0.557290778908 
0.196748553757 0.856327528067 0.0535489230951 0.866488613173 2.64543763745 0.356034779093 0.525271930292 0.411342456339 0.316374824947 
0.410297304295 0.515285453838 0.0435409484233 0.554738537836 0.597176877109 0.845760300246 1.46754613192 0.560047755334 0.623154400303 
1.57517057514 0.352336801255 0.156188298615 0.382964924585 0.503576329251 0.313436239908 0.688322282824 1.48316714512 2.02920915694 
0.0627064610229 3.92924800346 0.0162900460194 3.91025700488 0.233845641932 0.813219963787 0.247588930717 0.324616046008 0.0665178669987 
0.167261939884 0.96682132738 0.0684480128038 0.996298519461 0.522647975535 2.13193428586 2.06493712889 0.403920566809 0.247361957073 
3.56975199901 3.14973285425 6.17009532044 3.14538171151 4.80295389876 4.49207734934 4.56813030438 2.87121204392 3.22909760245 
